1	3.5833333333333335
2	3.0
3	3.6666666666666665
4	2.0
5	3.142857142857143
6	3.75
7	3.357142857142857
8	3.0
9	3.0
10	4.0
11	3.75
12	2.0
13	4.0
15	4.0
16	4.0
17	4.666666666666667
18	4.0
19	2.3
20	3.25
21	3.8333333333333335
22	3.3333333333333335
23	4.0
24	4.0
25	3.4
26	4.0
27	4.0
28	4.333333333333333
29	3.5
30	5.0
31	3.1666666666666665
32	3.9375
34	3.3846153846153846
36	4.0
39	3.0555555555555554
40	4.0
42	3.0
43	4.0
44	3.0
45	2.6666666666666665
46	4.0
47	4.2727272727272725
48	2.0
50	4.566666666666666
52	4.0
57	3.0
58	3.0
61	3.0
62	3.7222222222222223
63	2.1666666666666665
64	5.0
65	2.5
66	2.5
69	3.0
70	2.9166666666666665
71	2.0
73	4.0
74	5.0
79	2.5
85	3.0
86	3.0
88	3.3333333333333335
92	3.5
93	3.0
94	3.0
95	3.0714285714285716
100	3.0
101	4.5
102	3.0
103	3.0
104	4.0
105	2.6666666666666665
107	4.0
110	4.642857142857143
111	3.8
112	3.375
116	5.0
122	5.0
125	5.0
126	2.0
132	2.0
135	2.0
140	3.5
141	3.388888888888889
145	3.8
150	3.8333333333333335
151	4.125
153	3.2857142857142856
158	2.6666666666666665
160	3.125
161	4.166666666666667
162	5.0
163	3.0
164	2.5
165	3.7083333333333335
168	3.0
169	0.5
170	3.5
171	3.0
172	3.25
173	3.0
174	2.5
176	3.0
180	4.0
181	1.0
185	3.75
186	2.75
188	3.0
194	3.0
195	3.0
196	2.3333333333333335
198	2.0
203	3.5
204	1.5
205	4.0
207	4.0
208	3.0555555555555554
213	5.0
215	4.0
216	3.9
218	4.0
222	5.0
223	3.2142857142857144
224	5.0
225	3.25
227	3.0
230	4.0
231	2.9444444444444446
232	4.0
235	4.4
236	4.0
238	3.0
239	2.0
240	3.5
242	3.0
246	3.5
247	2.0
248	4.0
249	4.0
250	4.0
252	3.25
253	3.409090909090909
254	2.0
256	2.5
257	3.0
260	4.411764705882353
261	4.25
265	4.0
266	3.7142857142857144
267	3.5
274	2.0
275	3.0
276	3.0
277	5.0
279	4.0
282	4.333333333333333
288	3.25
289	5.0
290	4.25
292	3.875
293	3.9375
296	4.115384615384615
299	3.0
300	4.25
303	3.5
305	3.0
306	3.6666666666666665
307	4.0
308	3.0
314	5.0
315	3.1666666666666665
316	4.0
317	3.5714285714285716
318	4.5
319	3.6666666666666665
321	3.0
324	3.5
325	3.0
326	5.0
327	4.0
328	5.0
329	3.8333333333333335
330	2.5
333	4.5
334	5.0
337	4.0
338	4.0
339	3.9375
342	2.5
343	2.25
344	3.15
345	3.3
348	3.3333333333333335
349	3.8333333333333335
350	3.5
351	3.5
353	4.1
355	2.75
356	3.923076923076923
357	3.8125
358	1.0
361	3.5
362	4.5
364	4.208333333333333
367	3.7
368	4.166666666666667
369	1.5
370	2.4285714285714284
371	3.5
372	3.5
374	0.5
376	3.4
377	3.642857142857143
378	4.0
379	3.5
380	3.3636363636363638
382	3.0
383	4.0
384	3.5
393	2.0
405	2.0
407	2.75
408	3.0
409	4.0
410	3.875
412	5.0
413	3.0
415	1.0
420	3.1
421	3.0
423	3.5
427	2.25
428	4.0
431	3.5
432	3.125
434	3.4
435	2.5
437	2.0
440	4.166666666666667
441	4.5
442	3.25
446	5.0
449	3.0
450	4.0
454	3.5
455	2.5
457	4.076923076923077
464	3.0
466	3.0
469	2.0
471	2.8333333333333335
473	1.0
474	4.0
475	3.5
477	4.0
479	3.5
480	3.5384615384615383
481	3.0
482	4.0
485	2.75
486	4.0
489	3.25
491	3.3333333333333335
493	2.0
494	3.0
495	5.0
497	5.0
500	3.8181818181818183
502	2.0
504	2.0
505	2.0
506	3.0
508	3.75
509	3.75
511	3.0
514	4.0
515	3.5
516	3.0
517	2.0
520	3.5
521	1.0
522	3.5
524	4.0
527	4.636363636363637
528	1.0
529	4.0
531	3.25
532	5.0
535	3.0
537	2.5
538	4.0
539	3.923076923076923
540	2.8333333333333335
541	4.05
542	4.0
543	3.625
546	2.5
547	3.0
548	3.5
549	5.0
550	2.0
551	3.75
552	3.5
553	4.5
555	4.5
558	2.0
562	5.0
569	2.6666666666666665
575	3.0
585	2.3333333333333335
586	3.142857142857143
587	3.5
588	4.3076923076923075
589	4.235294117647059
590	3.642857142857143
592	3.6818181818181817
593	4.28125
594	4.4
595	3.9545454545454546
596	3.6666666666666665
597	3.769230769230769
599	5.0
602	5.0
605	1.0
606	3.0
608	4.052631578947368
609	2.0
610	4.0
611	3.0
613	4.0
616	4.5
628	4.0
631	2.0
634	3.0
637	3.2
640	3.0
647	3.75
648	3.25
653	3.0
661	2.5714285714285716
662	3.0
667	1.0
671	4.5
673	2.3333333333333335
678	4.75
688	3.0
694	3.0
695	5.0
700	4.0
704	3.0
705	3.0
707	3.0
708	3.142857142857143
709	3.0
714	5.0
719	2.3333333333333335
720	5.0
724	2.0
726	4.5
728	4.0
733	4.038461538461538
736	3.1666666666666665
737	2.0
741	3.75
742	3.0
745	5.0
748	2.0
750	3.8333333333333335
761	3.0
762	2.5
765	3.5
778	4.055555555555555
780	3.607142857142857
782	2.0
783	3.6
784	2.125
785	3.375
786	3.5833333333333335
788	2.9166666666666665
799	3.1666666666666665
800	4.0
801	2.0
802	3.5
803	5.0
804	2.0
805	4.3
808	3.0
809	3.0
810	1.0
818	3.0
828	2.5
829	3.0
830	5.0
832	3.9166666666666665
833	2.0
836	3.3333333333333335
837	3.375
838	4.75
839	3.5
842	3.25
847	3.0
848	5.0
849	2.6
852	3.4
858	4.1
866	4.666666666666667
870	2.0
879	3.5
880	3.0
881	1.0
886	3.0
888	1.0
891	2.0
898	4.0
899	3.5
900	4.0
902	3.625
903	4.75
904	4.666666666666667
908	3.8333333333333335
910	5.0
912	4.5
913	5.0
914	4.333333333333333
915	4.5
916	4.5
919	4.0
920	4.5
921	3.0
922	3.0
923	5.0
924	3.357142857142857
926	5.0
930	5.0
932	5.0
934	3.75
941	3.0
942	4.0
951	4.25
953	4.833333333333333
954	4.166666666666667
955	4.0
965	5.0
968	3.0
969	4.0
971	4.0
973	3.0
986	3.0
990	3.0
994	5.0
996	3.75
1003	3.0
1004	3.5
1005	1.75
1009	3.0
1010	3.0
1013	3.5
1014	3.5
1015	3.5
1016	3.0
1017	3.0
1018	3.0
1020	3.5833333333333335
1021	5.0
1022	4.75
1023	5.0
1025	3.3333333333333335
1027	3.8
1028	3.9166666666666665
1029	3.75
1031	3.0
1032	3.0
1033	4.0
1034	5.0
1035	3.625
1036	3.875
1037	3.25
1041	4.666666666666667
1042	5.0
1046	5.0
1047	4.0
1049	3.6
1056	4.0
1059	3.75
1060	3.5714285714285716
1061	4.0
1064	3.8333333333333335
1066	3.5
1073	3.433333333333333
1077	3.5
1079	4.166666666666667
1080	4.055555555555555
1081	4.0
1083	4.0
1084	3.5
1086	4.0
1088	3.25
1089	4.055555555555555
1090	4.0
1091	2.75
1092	3.5
1093	2.9
1094	3.0833333333333335
1095	3.5
1096	4.333333333333333
1097	3.6666666666666665
1099	2.5
1100	2.9166666666666665
1101	3.611111111111111
1103	4.0
1104	3.0
1105	1.5
1113	3.0
1120	4.0
1124	3.5
1125	3.8333333333333335
1126	2.3333333333333335
1127	3.0
1129	3.5
1131	4.75
1132	4.75
1135	3.25
1136	4.277777777777778
1147	5.0
1148	4.375
1172	4.666666666666667
1173	2.0
1175	4.25
1177	4.0
1179	5.0
1183	3.857142857142857
1185	3.0
1186	3.5
1188	4.125
1190	4.0
1192	5.0
1193	4.571428571428571
1196	4.1875
1197	4.277777777777778
1198	3.8333333333333335
1199	4.0
1200	4.583333333333333
1201	3.375
1203	4.0
1204	3.3333333333333335
1206	3.75
1207	4.0
1208	3.9285714285714284
1209	3.0
1210	4.3
1211	3.0
1212	5.0
1213	3.75
1214	3.8333333333333335
1215	4.3
1216	4.0
1219	4.25
1220	4.3
1221	3.8
1222	3.875
1223	5.0
1224	5.0
1225	4.4
1226	4.0
1227	4.0
1228	3.5
1230	4.375
1231	3.8333333333333335
1233	5.0
1234	4.125
1235	5.0
1240	4.125
1242	4.5
1244	4.5
1245	4.5
1246	4.2
1247	4.0
1248	5.0
1249	4.333333333333333
1250	3.25
1252	4.4
1253	3.5
1254	5.0
1255	4.0
1256	4.5
1257	3.0
1258	3.7142857142857144
1259	3.6
1260	5.0
1261	2.8333333333333335
1262	4.0
1263	3.5
1264	4.5
1265	3.55
1266	3.75
1268	3.75
1269	3.0
1270	4.277777777777778
1271	3.625
1272	3.0
1273	4.0
1274	4.0
1275	3.625
1276	3.75
1277	4.666666666666667
1278	4.5
1279	3.0
1280	4.0
1282	4.333333333333333
1283	4.5
1284	5.0
1285	3.375
1287	3.0
1288	4.0
1290	5.0
1291	4.5
1293	3.5
1295	4.5
1296	4.666666666666667
1297	4.0
1298	4.0
1299	3.75
1300	4.0
1302	3.2
1304	3.9166666666666665
1305	4.0
1306	3.5
1307	4.214285714285714
1320	3.2
1321	4.25
1324	2.0
1327	4.0
1333	4.25
1339	3.5
1340	1.0
1342	3.0
1343	4.0
1344	4.0
1345	4.0
1347	4.0
1348	4.0
1353	1.0
1354	4.0
1356	3.4
1357	4.0
1358	3.6
1359	3.6666666666666665
1363	2.0
1367	3.5
1370	3.5
1372	1.0
1373	3.5
1374	4.2
1375	4.0
1376	3.3333333333333335
1377	3.8333333333333335
1378	4.0
1379	3.5
1380	3.75
1381	1.0
1385	2.7
1387	4.0
1388	2.0
1390	4.5
1391	3.4375
1392	3.5
1393	3.5555555555555554
1394	4.0
1395	4.0
1396	3.375
1405	1.5
1407	3.125
1408	3.75
1409	4.166666666666667
1411	4.0
1416	2.0
1422	3.0
1425	4.0
1427	3.0
1429	3.5
1431	3.0
1438	2.75
1441	3.3333333333333335
1449	2.0
1453	5.0
1457	3.0
1459	3.0
1461	3.5
1466	3.9
1468	2.0
1474	4.0
1479	3.6666666666666665
1483	3.0
1485	3.75
1487	3.0
1488	3.5
1489	5.0
1495	1.0
1499	2.5
1500	3.6666666666666665
1503	3.0
1513	1.875
1515	3.5
1517	3.5555555555555554
1518	3.0
1526	4.0
1527	4.071428571428571
1544	3.25
1552	3.0
1556	2.25
1562	1.8333333333333333
1564	4.5
1566	3.5
1569	3.7142857142857144
1570	5.0
1573	3.5714285714285716
1580	3.769230769230769
1581	3.0
1583	2.5
1584	3.2
1586	3.5
1587	2.8333333333333335
1588	2.875
1589	2.5
1590	3.3333333333333335
1591	3.6666666666666665
1592	1.0
1593	3.0
1594	5.0
1597	3.8125
1598	3.25
1601	4.0
1603	3.0
1604	5.0
1608	2.625
1610	4.3
1611	3.5
1614	2.0
1615	3.3333333333333335
1616	3.6666666666666665
1617	4.285714285714286
1619	3.0
1620	3.5
1625	4.0
1627	3.0
1629	4.5
1639	3.6666666666666665
1640	2.5
1641	3.75
1642	4.0
1643	5.0
1644	3.3333333333333335
1645	3.0
1646	1.0
1653	3.9
1654	2.0
1658	5.0
1663	3.1666666666666665
1665	3.25
1672	5.0
1673	3.857142857142857
1674	4.375
1676	3.7
1678	5.0
1680	3.6
1681	1.0
1682	3.5
1687	3.0
1688	3.75
1690	2.7142857142857144
1693	4.0
1701	1.0
1702	2.6
1703	3.0
1704	3.2142857142857144
1707	1.0
1711	1.0
1713	4.0
1717	2.75
1721	3.0714285714285716
1722	3.1666666666666665
1726	3.0
1727	2.5
1729	3.5
1730	4.0
1732	3.8
1735	2.75
1744	3.0
1746	1.5
1747	2.6666666666666665
1748	3.4
1753	4.0
1754	4.0
1756	3.0
1762	2.75
1771	3.0
1772	3.3333333333333335
1777	3.75
1779	3.5
1784	4.2
1792	3.25
1797	3.0
1801	3.25
1805	3.5
1806	4.0
1810	4.0
1826	1.0
1831	2.6666666666666665
1833	2.0
1834	5.0
1835	4.0
1837	4.0
1839	2.0
1840	4.0
1841	3.0
1848	2.5
1854	3.0
1855	2.0
1862	2.0
1869	1.0
1873	4.0
1876	2.6
1882	2.3333333333333335
1883	3.5
1884	3.0
1887	3.0
1888	4.0
1889	4.0
1892	4.0
1894	2.8333333333333335
1895	2.25
1907	2.5
1909	2.5
1911	3.0
1912	4.5
1913	5.0
1914	2.0
1917	2.357142857142857
1918	3.75
1919	4.0
1920	2.8333333333333335
1921	3.75
1923	2.7857142857142856
1947	4.666666666666667
1953	3.0
1954	3.8333333333333335
1955	4.0
1959	3.0
1960	4.0
1961	3.4
1962	4.0
1965	4.0
1966	5.0
1967	3.0
1968	4.2
1969	3.5
1970	3.0
1971	2.75
1973	3.5
1974	3.5
1986	3.0
1987	1.0
1992	2.0
1993	1.5
1994	3.5
1997	4.0
1999	2.0
2000	3.6666666666666665
2001	3.8333333333333335
2002	3.5
2003	2.875
2004	2.9
2005	2.6666666666666665
2006	3.2
2011	3.2857142857142856
2012	3.375
2013	3.0
2015	4.0
2019	3.3333333333333335
2020	5.0
2021	3.5
2022	4.75
2023	3.0
2026	3.5
2028	4.125
2036	3.0
2042	1.75
2046	3.0
2048	3.0
2050	2.5
2051	2.5
2052	3.0
2053	1.5
2054	2.7
2058	3.875
2059	3.0
2060	4.0
2064	5.0
2065	2.0
2067	4.0
2072	3.25
2075	5.0
2076	3.0
2078	4.0
2081	3.6666666666666665
2082	2.625
2083	4.0
2087	3.6666666666666665
2088	3.0
2089	3.5
2091	4.0
2092	2.0
2094	3.0
2097	3.0
2100	3.375
2105	3.5
2107	2.5
2108	2.0
2111	5.0
2112	4.0
2114	3.0
2115	3.875
2116	3.0
2117	3.0
2120	4.0
2123	4.0
2124	3.625
2125	3.6666666666666665
2126	2.0
2133	3.0
2134	3.0
2136	3.5
2138	4.0
2140	4.0
2141	3.0
2142	4.0
2143	3.5
2144	4.0
2145	4.5
2146	4.0
2150	3.5
2151	3.0
2154	2.0
2160	3.5
2161	3.5
2162	2.0
2167	3.8
2171	5.0
2174	3.75
2186	5.0
2193	4.0
2194	2.25
2195	3.0
2203	4.0
2206	4.0
2231	3.25
2232	3.0
2245	3.5
2247	3.5
2248	5.0
2253	3.1666666666666665
2268	3.6
2269	2.625
2273	3.6666666666666665
2278	3.8333333333333335
2279	3.0
2282	2.0
2289	3.3333333333333335
2291	3.5
2294	3.25
2296	4.0
2297	4.5
2301	4.5
2302	4.0
2306	2.5
2314	4.0
2315	1.3333333333333333
2316	3.0
2320	4.0
2321	4.166666666666667
2322	3.5
2324	4.0
2325	3.0
2329	4.166666666666667
2331	4.0
2334	5.0
2335	2.75
2336	3.0
2338	2.0
2340	3.75
2352	3.0
2353	4.0
2355	3.4166666666666665
2359	3.0
2360	4.0
2366	4.0
2368	1.0
2369	3.1666666666666665
2371	3.1666666666666665
2374	4.0
2375	3.25
2378	1.75
2379	2.0
2380	1.75
2382	1.0
2383	0.5
2384	2.0
2387	3.25
2389	3.0
2391	3.5
2393	2.25
2394	4.0
2395	4.0
2396	4.0625
2397	4.0
2399	3.0
2401	5.0
2402	3.0
2403	4.0
2404	3.0
2405	3.4
2406	3.75
2407	3.6666666666666665
2409	3.75
2412	3.25
2413	3.1666666666666665
2420	3.0
2422	2.25
2423	4.0
2424	3.0
2427	2.0
2428	3.0
2429	2.0
2430	3.0
2431	3.6
2432	3.75
2433	3.5
2443	3.0
2447	3.125
2459	2.0
2461	1.0
2462	1.0
2467	3.5
2468	2.0
2469	4.0
2470	3.5
2471	3.5
2473	3.0
2474	3.5
2476	4.0
2478	2.5
2485	1.5
2490	4.0
2491	3.0
2496	3.0
2497	2.0
2498	2.75
2500	1.0
2501	2.0
2502	4.25
2505	1.75
2514	2.5
2524	2.0
2527	3.0
2528	3.5
2530	3.0
2532	3.0
2533	3.0
2539	3.5
2540	3.5
2541	3.8333333333333335
2542	4.166666666666667
2548	2.5
2549	2.5
2550	3.0
2551	2.0
2554	3.0
2555	3.0
2558	3.0
2560	2.0
2562	3.0
2565	4.5
2570	4.0
2571	3.875
2572	3.5
2573	2.0
2577	2.0
2580	3.25
2581	3.0
2587	2.0
2594	4.5
2597	3.0
2598	4.0
2599	4.0
2600	4.0
2605	3.5
2606	4.0
2616	3.0
2617	3.0714285714285716
2618	4.0
2620	4.0
2622	3.0
2628	3.0
2633	3.0
2640	3.6666666666666665
2641	3.5
2643	3.0
2648	4.0
2657	3.6
2660	1.0
2662	3.0
2664	1.0
2671	4.0
2672	3.0
2676	3.75
2677	4.0
2679	4.0
2682	1.0
2683	3.4545454545454546
2686	4.0
2687	3.6666666666666665
2688	3.25
2692	5.0
2693	2.0
2694	3.125
2699	3.375
2700	2.9166666666666665
2701	2.0
2702	2.0
2706	2.7857142857142856
2707	3.0
2710	2.125
2712	3.5
2713	3.25
2714	4.5
2716	3.875
2717	3.3333333333333335
2719	3.25
2720	2.0
2722	2.0
2723	1.0
2724	2.5
2725	1.0
2728	3.0
2734	2.75
2735	3.25
2745	4.0
2746	3.8333333333333335
2747	3.0
2761	2.5
2762	4.15
2763	2.7
2764	4.0
2769	1.0
2770	2.75
2772	3.0
2791	3.9166666666666665
2792	2.0
2793	2.75
2794	3.5
2795	4.0
2796	3.0
2797	3.5
2802	3.5
2803	3.6666666666666665
2804	3.75
2805	3.75
2807	2.5
2808	3.6666666666666665
2812	1.0
2822	3.0
2826	4.0
2827	3.0
2840	3.8333333333333335
2841	4.0
2852	4.0
2857	2.0
2858	4.5
2860	2.5
2866	3.0
2872	4.5
2875	3.0
2881	3.3
2882	2.0
2886	4.0
2889	3.0
2890	4.5
2893	4.0
2898	3.0
2900	2.0
2907	4.0
2908	4.0
2913	4.0
2915	3.5
2916	4.125
2917	4.0
2918	3.8
2931	5.0
2936	4.0
2938	5.0
2942	2.5
2943	4.0
2944	3.75
2947	3.0
2948	3.0
2949	3.0
2950	2.75
2953	2.6666666666666665
2959	4.277777777777778
2968	3.0
2974	2.0
2975	4.5
2976	3.5
2978	2.5
2985	2.6666666666666665
2986	1.0
2987	3.4285714285714284
2989	3.5
2990	3.0
2995	3.0
2996	3.0
2997	3.4
3000	2.0
3004	3.0
3005	3.375
3006	3.8333333333333335
3016	2.0
3020	3.5
3033	3.3333333333333335
3034	4.0
3039	3.8333333333333335
3041	4.0
3043	1.0
3044	3.0
3047	1.0
3052	3.75
3053	3.0
3054	1.0
3061	5.0
3063	3.0
3065	4.0
3067	4.0
3068	4.0
3072	4.5
3074	3.0
3079	2.0
3081	3.6666666666666665
3082	2.75
3087	4.0
3098	3.0
3100	2.0
3101	3.875
3105	4.0
3107	4.25
3108	3.5
3114	4.25
3115	3.0
3125	5.0
3139	3.0
3142	3.0
3145	2.5
3146	2.5
3147	4.428571428571429
3155	3.0
3156	3.0
3160	4.0
3165	3.0
3173	3.5
3174	2.5
3175	3.5
3176	3.0
3178	3.5
3179	2.0
3180	2.0
3186	4.0
3190	1.0
3198	3.0
3203	4.0
3208	3.0
3210	3.5
3213	2.0
3219	4.0
3225	3.25
3238	3.0
3243	3.5
3246	3.5
3247	3.0
3248	2.75
3249	3.5
3250	4.0
3252	3.5
3253	3.0
3254	3.25
3255	3.3333333333333335
3256	3.8333333333333335
3257	2.75
3258	4.0
3259	2.0
3261	3.5
3263	3.375
3264	3.1666666666666665
3267	3.0
3268	2.25
3269	3.0
3270	4.0
3271	3.25
3273	1.0
3275	2.0
3285	1.0
3286	2.0
3287	2.0
3298	4.0
3299	1.0
3300	3.6666666666666665
3301	3.625
3316	3.0
3324	2.75
3327	4.0
3328	1.0
3334	4.0
3347	3.0
3354	2.8333333333333335
3355	4.0
3361	3.5
3362	4.5
3363	3.0
3365	5.0
3386	4.5
3387	3.0
3394	3.0
3396	4.333333333333333
3397	4.0
3400	2.5
3404	2.0
3406	3.0
3408	3.75
3409	3.5
3418	3.0
3421	3.6666666666666665
3424	4.0
3429	5.0
3435	4.5
3436	3.0
3438	4.0
3439	3.0
3440	4.0
3448	3.5
3450	3.0
3451	4.0
3452	3.1666666666666665
3457	3.25
3466	3.5
3467	4.5
3471	3.75
3476	3.1666666666666665
3477	3.0
3478	3.0
3481	3.5
3483	3.0
3484	3.25
3489	3.3333333333333335
3498	3.5
3499	3.75
3508	3.5
3510	3.5
3513	4.5
3516	4.0
3525	3.0
3526	4.0
3527	4.333333333333333
3534	2.3333333333333335
3535	3.375
3536	2.0
3551	3.0
3552	3.6666666666666665
3553	3.0
3554	4.5
3555	3.0
3556	4.5
3564	2.0
3565	4.5
3578	3.9444444444444446
3591	3.0
3593	1.6666666666666667
3594	3.0
3604	4.0
3608	2.5
3614	4.0
3615	4.0
3616	2.0
3617	2.75
3618	2.0
3623	2.5
3624	3.5
3634	3.0
3635	3.0
3639	3.0
3646	2.75
3654	3.0
3661	2.0
3662	2.0
3663	1.0
3664	1.0
3671	3.6666666666666665
3682	4.0
3684	4.25
3686	3.8333333333333335
3693	3.0
3697	3.0
3698	3.5
3699	3.25
3701	4.0
3702	3.75
3703	4.333333333333333
3704	4.0
3705	2.8333333333333335
3710	3.0
3712	3.0
3717	3.875
3730	4.5
3740	3.5
3744	2.75
3745	3.3333333333333335
3751	3.2
3752	3.0
3753	3.8
3755	3.3333333333333335
3763	3.5
3764	3.0
3785	2.0
3791	2.5
3793	3.5833333333333335
3798	3.5
3799	1.0
3802	3.0
3809	3.5
3810	4.0
3811	3.0
3821	2.1666666666666665
3824	2.0
3825	3.0
3826	3.1666666666666665
3827	3.5
3833	2.0
3839	1.0
3841	3.0
3844	4.5
3859	3.0
3861	2.5
3863	2.3333333333333335
3864	2.25
3865	1.0
3868	4.0
3869	2.0
3871	2.0
3879	3.6666666666666665
3882	4.0
3884	1.0
3885	5.0
3889	4.5
3893	1.0
3894	1.0
3896	2.0
3897	3.2142857142857144
3903	1.0
3908	1.5
3910	1.0
3911	3.5
3915	1.0
3917	2.0
3918	2.0
3923	3.0
3926	3.0
3929	4.0
3932	5.0
3936	3.0
3940	1.0
3943	1.0
3945	1.0
3946	3.0
3948	3.0714285714285716
3949	3.0
3951	1.0
3952	2.0
3953	1.0
3955	1.0
3956	2.0
3959	3.0
3960	3.0
3967	2.0
3968	1.0
3969	1.0
3972	1.0
3973	1.3333333333333333
3977	3.375
3978	2.0
3979	3.0
3980	4.0
3981	3.5
3983	1.0
3985	4.0
3986	2.25
3987	3.0
3988	3.25
3990	1.5
3991	2.0
3994	4.125
3996	4.166666666666667
3997	3.5
3998	3.75
3999	3.5
4002	4.0
4006	3.0
4008	4.0
4010	3.3333333333333335
4011	4.3
4014	3.5
4015	1.8333333333333333
4016	3.0
4018	3.125
4022	4.0
4023	4.5
4025	3.6666666666666665
4027	3.8333333333333335
4029	3.0
4030	3.5
4033	3.0
4034	4.5
4040	3.0
4047	3.0
4053	2.0
4054	5.0
4062	3.0
4069	2.0
4084	3.5
4085	3.8333333333333335
4090	4.0
4092	3.0
4102	4.75
4103	4.0
4105	3.8333333333333335
4121	3.5
4128	3.3333333333333335
4148	3.8333333333333335
4161	3.25
4178	3.5
4200	3.0
4203	4.0
4206	3.0
4207	3.5
4214	3.0
4223	3.5
4224	3.25
4226	4.5
4228	3.0
4232	3.5
4238	4.5
4246	3.6666666666666665
4247	3.5
4248	2.0
4251	4.5
4254	1.5
4255	0.5
4262	5.0
4265	3.0
4266	3.0
4267	3.0
4270	2.1666666666666665
4276	4.0
4280	3.5
4299	3.75
4306	3.5833333333333335
4308	4.5
4310	2.875
4321	2.5
4326	4.0
4327	4.0
4343	3.5
4344	3.6666666666666665
4351	3.5
4361	3.0
4367	3.5
4368	3.0
4369	2.5
4370	3.0
4372	3.0
4387	4.0
4396	3.0
4406	5.0
4420	4.0
4432	5.0
4445	3.0
4446	3.25
4447	2.75
4448	4.0
4452	4.0
4480	2.0
4483	2.5
4487	3.0
4488	3.0
4489	3.5
4493	1.0
4499	4.5
4502	2.0
4519	3.0
4526	3.0
4531	3.0
4535	4.0
4544	3.5
4545	3.5
4558	3.0
4563	2.0
4566	2.0
4568	3.0
4571	3.25
4572	3.5
4580	3.0
4587	3.25
4619	3.0
4621	0.75
4623	5.0
4624	4.0
4633	1.0
4636	3.0
4638	2.0
4643	2.75
4672	3.5
4673	3.0
4677	3.0
4679	4.0
4681	3.75
4700	3.5
4701	3.0
4703	4.0
4718	2.1666666666666665
4720	4.5
4728	3.0
4734	4.0
4735	2.0
4744	3.25
4748	3.0
4756	3.0
4758	4.0
4771	2.0
4774	2.0
4776	3.375
4814	3.0
4816	3.0
4822	2.0
4844	4.0
4848	3.0
4855	3.75
4865	4.5
4866	2.5
4867	3.0
4874	3.5
4878	5.0
4880	3.5
4886	3.5
4887	4.0
4890	3.0
4896	3.6666666666666665
4899	3.0
4901	4.0
4912	2.0
4951	4.0
4954	4.5
4958	4.5
4961	0.5
4963	4.1
4973	5.0
4975	3.25
4978	4.0
4979	3.0
4980	3.0
4992	2.0
4993	3.6666666666666665
4995	3.25
5002	4.0
5007	4.0
5010	4.25
5014	4.5
5015	3.5
5017	3.0
5025	4.0
5040	3.25
5047	4.0
5048	1.0
5049	3.75
5055	3.5
5060	4.0
5064	4.0
5065	3.5
5066	3.5
5093	3.0
5094	1.0
5096	1.0
5102	4.0
5103	5.0
5108	5.0
5110	4.5
5122	5.0
5127	4.0
5128	3.5
5151	3.75
5152	5.0
5159	4.0
5171	3.0
5184	2.0
5213	3.0
5218	3.3333333333333335
5219	3.0
5244	3.5
5247	3.5
5254	4.0
5255	3.5
5265	4.0
5283	4.5
5292	4.0
5293	3.0
5294	3.5
5296	3.5
5299	3.6666666666666665
5300	4.0
5307	3.0
5309	1.0
5313	3.5
5323	2.0
5346	3.0
5349	3.75
5363	4.0
5364	5.0
5377	3.5
5378	2.8333333333333335
5382	3.0
5388	3.6666666666666665
5400	3.0
5414	3.0
5418	2.75
5419	2.0
5422	3.0
5438	3.5
5440	3.0
5442	3.0
5445	3.0
5449	3.5
5452	0.5
5459	3.1666666666666665
5463	3.5
5476	3.0
5478	2.5
5481	2.875
5500	3.5
5501	3.0
5502	4.125
5505	3.0
5507	2.5
5523	3.5
5524	3.5
5527	4.5
5528	3.5
5538	2.0
5539	4.0
5541	3.5
5556	0.5
5563	3.0
5572	2.0
5573	3.0
5574	4.0
5582	2.0
5589	4.0
5593	2.0
5609	2.0
5617	3.0
5620	3.25
5621	3.0
5630	3.5
5651	4.0
5666	4.0
5669	4.0
5670	4.0
5673	4.25
5675	2.0
5678	3.5
5679	3.6666666666666665
5782	4.0
5785	4.0
5810	3.5
5816	3.75
5826	3.0
5833	2.0
5872	2.25
5881	3.5
5882	3.5
5893	2.0
5902	5.0
5903	5.0
5942	3.0
5944	3.0
5945	3.0
5952	3.5
5954	4.0
5956	4.5
5957	4.5
5958	2.5
5961	3.0
5989	4.5
5991	3.25
5999	3.0
6001	5.0
6003	3.5
6006	1.0
6012	2.0
6014	2.0
6040	2.0
6058	3.0
6067	4.0
6155	5.0
6156	3.0
6157	2.25
6166	3.0
6185	2.0
6187	5.0
6188	3.0
6213	2.0
6218	4.0
6219	2.0
6220	4.0
6222	3.5
6239	2.5
6250	3.0
6251	2.0
6264	2.0
6265	1.0
6266	3.0
6273	4.0
6280	4.0
6281	3.0
6287	3.0
6290	0.5
6294	3.5
6296	4.0
6297	4.0
6316	5.0
6323	4.0
6333	3.0
6338	3.5
6365	3.25
6367	3.25
6373	3.1666666666666665
6377	4.0
6378	4.0
6383	3.0
6425	2.0
6440	4.0
6482	1.0
6502	4.0
6503	2.75
6534	3.75
6535	3.0
6537	3.25
6539	4.5
6541	3.5
6548	3.25
6564	3.0
6566	3.0
6567	4.0
6586	2.5
6595	3.0
6612	0.5
6615	3.25
6617	3.5
6662	3.0
6663	4.0
6664	3.5
6686	3.0
6695	4.5
6707	4.0
6708	3.5
6709	4.25
6711	3.0
6720	3.5
6754	4.0
6765	3.5
6790	3.0
6796	3.5
6800	3.25
6803	3.5
6807	4.0
6810	3.0
6812	2.5
6863	4.25
6870	5.0
6873	4.5
6874	4.125
6880	3.0
6886	4.0
6887	3.5
6888	3.5
6893	4.5
6934	4.0
6936	3.0
6944	3.0
6947	4.0
6952	2.5
6953	5.0
6957	4.5
6966	3.5
6977	4.0
6996	3.0
7000	3.5
7004	2.75
7007	4.0
7016	2.5
7018	3.0
7046	4.0
7048	3.5
7076	3.5
7090	3.25
7101	3.0
7102	3.0
7143	4.0
7147	4.25
7153	3.8333333333333335
7154	4.5
7155	3.5
7161	3.5
7162	3.5
7163	3.0
7164	4.0
7173	4.25
7175	0.5
7193	4.5
7254	4.0
7255	3.5
7263	3.0
7285	4.0
7293	3.75
7308	3.0
7310	3.0
7318	2.5
7324	3.5
7325	4.0
7345	0.5
7346	2.0
7347	4.0
7348	3.5
7360	5.0
7361	4.75
7366	5.0
7367	3.5
7371	3.5
7373	4.5
7376	4.5
7380	2.5
7381	3.5
7394	3.0
7395	3.0
7438	4.0
7439	3.5
7444	3.0
7445	4.75
7448	3.5
7451	3.75
7454	4.0
7458	4.0
7482	3.5
7573	2.0
7701	0.5
7781	3.5
7827	3.0
7923	3.0
8010	3.5
8016	3.0
8169	3.5
8340	3.5
8360	3.6666666666666665
8361	3.5
8366	3.5
8368	4.333333333333333
8371	4.0
8376	4.5
8387	1.0
8464	3.5
8493	3.25
8526	1.5
8528	3.75
8529	4.0
8533	4.75
8623	3.0
8633	4.0
8636	3.5
8640	3.0
8641	2.0
8644	4.5
8665	3.0
8783	5.0
8784	4.5
8798	4.5
8807	0.5
8810	4.0
8830	3.0
8836	4.5
8860	3.0
8861	3.5
8869	2.0
8870	3.5
8874	4.0
8907	3.0
8912	2.5
8916	5.0
8917	4.5
8939	3.5
8947	2.5
8949	2.5
8950	4.5
8961	4.0
8965	5.0
8968	4.5
8970	4.5
8972	3.5
8974	0.5
8984	3.0
8985	4.0
26131	4.0
26555	4.0
27706	4.5
27728	3.5
27808	3.5
27821	4.5
30707	2.0
30749	3.5
30793	4.0
30810	1.0
30822	3.75
30825	4.0
31221	1.0
31685	5.0
31696	3.5
32294	3.5
32296	3.0
32302	4.0
33085	2.3333333333333335
33145	4.5
33164	3.5
33166	4.0
33493	4.0
33499	2.0
33615	3.5
33646	1.0
33669	4.0
33679	4.5
33750	3.5
33836	3.0
34162	3.5
34520	0.5
37720	3.0
38038	3.5
38061	5.0
39183	3.0
39231	4.0
40614	4.0
40815	4.75
40826	5.0
41571	4.5
41573	1.0
43923	3.5
44191	3.5
44195	3.5
44761	5.0
45447	5.0
45668	3.0
45672	4.5
46578	3.5
47099	5.0
47950	3.0
47970	5.0
48385	0.5
48394	5.0
49272	2.0
54286	5.0
56367	5.0
